0
3
7
10
14
18
21
25
28
32
35
38
42
45
48
51
54
57
60
63
66
68
71
74
76
78
80
83
85
86
88
90
91
93
94
95
96
97
98
98
99
99
100
100
100
100
99
99
98
98
97
96
95
94
93
91
90
88
86
84
82
80
78
76
73
71
68
66
63
60
57
54
51
48
45
41
38
35
31
28
24
21
17
14
10
6
3
0
-3
-7
-11
-14
-18
-21
-25
-28
-32
-35
-38
-42
-45
-48
-51
-54
-57
-60
-63
-66
-68
-71
-73
-76
-78
-80
-82
-84
-86
-88
-89
-91
-92
-93
-95
-96
-96
-97
-98
-98
-99
-99
-99
-99
-99
-98
-98
-97
-97
-96
-95
-94
-93
-91
-90
-88
-87
-85
-83
-81
-79
-77
-74
-72
-69
-67
-64
-61
-58
-55
-52
-49
-46
-43
-39
-36
-33
-29
-26
-22
-19
-15
-12
-8
-4
-1
2
5
9
13
16
20
23
27
30
34
37
40
44
47
50
53
56
59
62
65
68
70
73
75
78
80
82
84
86
88
90
91
93
94
95
96
97
98
99
100
100
100
101
101
101
100
100
100
99
98
97
96
95
94
93
91
90
88
86
84
82
80
78
76
73
71
68
65
63
60
57
54
51
47
44
41
38
34
31
27
24
20
17
13
10
6
2
0
-4
-8
-11
-15
-18
-22
-25
-29
-32
-36
-39
-42
-45
-49
-52
-55
-58
-60
-63
-66
-69
-71
-73
-76
-78
-80
-82
-84
-86
-87
-89
-90
-92
-93
-94
-95
-96
-97
-97
-97
-98
-98
-98
-98
-98
-97
-97
-96
-95
-95
-94
-92
-91
-90
-88
-87
-85
-83
-81
-79
-77
-75
-72
-70
-67
-65
-62
-59
-56
-53
-50
-47
-44
-41
-37
-34
-31
-27
-24
-20
-17
-13
-9
-6
-2
0
4
8
11
15
18
22
26
29
32
36
39
43
46
49
52
55
58
61
64
67
70
72
75
77
79
82
84
86
88
89
91
93
94
95
97
98
99
99
100
101
101
101
101
101
101
101
101
100
100
99
98
97
96
94
93
92
90
88
86
84
82
80
78
76
73
70
68
65
62
59
56
53
50
47
44
40
37
34
30
27
23
20
16
13
9
5
2
-1
-5
-8
-12
-15
-19
-22
-26
-29
-33
-36
-39
-43
-46
-49
-52
-55
-58
-61
-63
-66
-69
-71
-74
-76
-78
-80
-82
-84
-86
-87
-89
-90
-91
-93
-94
-95
-95
-96
-96
-97
-97
-97
-97
-97
-97
-96
-96
-95
-94
-93
-92
-91
-90
-89
-87
-85
-84
-82
-80
-78
-75
-73
-71
-68
-66
-63
-60
-57
-54
-51
-48
-45
-42
-39
-35
-32
-28
-25
-22
-18
-14
-11
-7
-4
0
3
6
10
13
17
21
24
28
31
35
38
41
45
48
51
54
57
60
63
66
69
71
74
76
79
81
83
85
87
89
91
92
94
95
97
98
99
100
100
101
101
102
102
102
102
102
102
101
101
100
99
98
97
96
95
93
92
90
88
86
84
82
80
78
75
73
70
68
65
62
59
56
53
50
46
43
40
36
33
30
26
23
19
15
12
8
5
1
-2
-5
-9
-12
-16
-19
-23
-26
-30
-33
-37
-40
-43
-46
-49
-52
-55
-58
-61
-64
-66
-69
-71
-74
-76
-78
-80
-82
-84
-86
-87
-89
-90
-91
-92
-93
-94
-95
-95
-96
-96
-96
-96
-96
-96
-96
-95
-95
-94
-93
-92
-91
-90
-89
-87
-86
-84
-82
-80
-78
-76
-74
-71
-69
-66
-64
-61
-58
-55
-52
-49
-46
-43
-40
-37
-33
-30
-26
-23
-19
-16
-12
-9
-5
-2
1
5
8
12
16
19
23
26
30
33
37
40
43
47
50
53
56
59
62
65
68
71
73
76
78
80
83
85
87
89
91
92
94
95
97
98
99
100
101
101
102
102
103
103
103
103
103
102
102
101
100
100
99
97
96
95
93
92
90
88
86
84
82
80
77
75
72
70
67
64
61
58
55
52
49
46
43
39
36
32
29
25
22
18
15
11
8
4
0
-2
-6
-10
-13
-17
-20
-24
-27
-31
-34
-37
-40
-44
-47
-50
-53
-56
-59
-61
-64
-67
-69
-72
-74
-76
-78
-80
-82
-84
-86
-87
-89
-90
-91
-92
-93
-94
-94
-95
-95
-96
-96
-96
-96
-95
-95
-95
-94
-93
-92
-91
-90
-89
-87
-86
-84
-83
-81
-79
-77
-75
-72
-70
-67
-65
-62
-59
-57
-54
-51
-48
-44
-41
-38
-35
-31
-28
-24
-21
-17
-14
-10
-7
-3
0
3
7
10
14
18
21
25
28
32
35
39
42
45
49
52
55
58
61
64
67
69
72
75
77
80
82
84
86
88
90
92
93
95
96
98
99
100
101
101
102
103
103
103
103
103
103
103
103
102
101
101
100
99
98
96
95
93
92
90
88
86
84
82
80
77
75
72
69
67
64
61
58
55
52
48
45
42
38
35
32
28
25
21
17
14
10
7
3
0
-3
-7
-10
-14
-17
-21
-24
-28
-31
-35
-38
-41
-44
-47
-51
-54
-56
-59
-62
-65
-67
-70
-72
-74
-76
-79
-80
-82
-84
-86
-87
-89
-90
-91
-92
-93
-94
-94
-95
-95
-95
-95
-95
-95
-95
-94
-94
-93
-92
-91
-90
-89
-88
-86
-85
-83
-81
-79
-77
-75
-73
-71
-68
-66
-63
-61
-58
-55
-52
-49
-46
-43
-39
-36
-33
-29
-26
-23
-19
-16
-12
-8
-5
-1
1
5
9
12
16
19
23
27
30
34
37
40
44
47
50
53
57
60
63
65
68
71
74
76
79
81
83
85
87
89
91
93
95
96
97
99
100
101
102
102
103
103
104
104
104
104
104
103
103
102
102
101
100
99
98
96
95
93
91
90
88
86
84
81
79
77
74
71
69
66
63
60
57
54
51
48
44
41
38
34
31
27
24
20
17
13
9
6
2
-1
-4
-8
-11
-15
-18
-22
-25
-29
-32
-36
-39
-42
-45
-48
-51
-54
-57
-60
-63
-65
-68
-70
-73
-75
-77
-79
-81
-83
-84
-86
-87
-89
-90
-91
-92
-93
-93
-94
-94
-95
-95
-95
-95
-95
-94
-94
-93
-92
-92
-91
-89
-88
-87
-85
-84
-82
-80
-78
-76
-74
-72
-69
-67
-64
-62
-59
-56
-53
-50
-47
-44
-41
-38
-34
-31
-28
-24
-21
-17
-14
-10
-7
-3
0
3
7
10
14
18
21
25
28
32
35
39
42
45
49
52
55
58
61
64
67
70
72
75
78
80
82
84
87
89
90
92
94
95
97
98
99
100
101
102
103
103
104
104
104
104
104
104
104
103
102
102
101
100
99
97
96
94
93
91
89
87
85
83
81
78
76
73
71
68
65
62
59
56
53
50
47
43
40
37
33
30
26
23
19
15
12
8
5
1
-2
-5
-9
-12
-16
-19
-23
-26
-30
-33
-36
-40
-43
-46
-49
-52
-55
-58
-61
-63
-66
-68
-71
-73
-75
-77
-79
-81
-83
-85
-86
-88
-89
-90
-91
-92
-93
-93
-94
-94
-94
-95
-95
-94
-94
-94
-93
-93
-92
-91
-90
-89
-87
-86
-85
-83
-81
-79
-77
-75
-73
-71
-68
-66
-63
-61
-58
-55
-52
-49
-46
-43
-40
-36
-33
-30
-26
-23
-19
-16
-12
-9
-5
-1
1
5
8
12
16
19
23
26
30
33
37
40
44
47
50
53
56
60
63
65
68
71
74
76
79
81
83
86
88
90
91
93
95
96
98
99
100
101
102
103
103
104
104
104
104
104
104
104
104
103
102
102
101
100
98
97
96
94
92
91
89
87
85
82
80
78
75
73
70
67
64
61
58
55
52
49
46
42
39
35
32
28
25
21
18
14
11
7
3
0
-3
-6
-10
-14
-17
-21
-24
-28
-31
-34
-38
-41
-44
-47
-50
-53
-56
-59
-62
-64
-67
-69
-72
-74
-76
-78
-80
-82
-84
-85
-87
-88
-89
-90
-91
-92
-93
-93
-94
-94
-94
-95
-94
-94
-94
-94
-93
-92
-91
-90
-89
-88
-87
-85
-84
-82
-80
-78
-76
-74
-72
-70
-67
-65
-62
-59
-57
-54
-51
-48
-45
-41
-38
-35
-32
-28
-25
-21
-18
-14
-11
-7
-3
0
3
6
10
14
17
21
24
28
31
35
38
42
45
48
51
55
58
61
64
67
69
72
75
77
80
82
84
86
88
90
92
94
95
97
98
99
100
101
102
103
104
104
104
104
104
104
104
104
103
103
102
101
100
99
98
97
95
93
92
90
88
86
84
82
79
77
74
72
69
66
63
60
57
54
51
48
44
41
37
34
31
27
24
20
16
13
9
6
2
-1
-4
-8
-11
-15
-19
-22
-26
-29
-32
-36
-39
-42
-45
-48
-51
-54
-57
-60
-63
-65
-68
-70
-72
-75
-77
-79
-81
-82
-84
-86
-87
-88
-90
-91
-92
-92
-93
-94
-94
-94
-95
-95
-94
-94
-94
-93
-93
-92
-91
-90
-89
-88
-86
-85
-83
-81
-80
-78
-76
-73
-71
-69
-66
-64
-61
-58
-55
-53
-50
-47
-43
-40
-37
-34
-30
-27
-23
-20
-16
-13
-9
-6
-2
0
4
8
11
15
18
22
26
29
33
36
39
43
46
49
53
56
59
62
65
68
70
73
76
78
81
83
85
87
89
91
93
94
96
97
99
100
101
102
102
103
104
104
104
104
104
104
104
104
103
102
102
101
100
99
97
96
94
93
91
89
87
85
83
80
78
76
73
70
68
65
62
59
56
53
49
46
43
39
36
33
29
26
22
18
15
11
8
4
0
-2
-6
-9
-13
-17
-20
-24
-27
-30
-34
-37
-40
-44
-47
-50
-53
-56
-58
-61
-64
-66
-69
-71
-74
-76
-78
-80
-82
-83
-85
-86
-88
-89
-90
-91
-92
-93
-93
-94
-94
-95
-95
-95
-95
-94
-94
-93
-93
-92
-91
-90
-89
-87
-86
-84
-83
-81
-79
-77
-75
-73
-70
-68
-65
-63
-60
-57
-55
-52
-49
-46
-42
-39
-36
-33
-29
-26
-22
-19
-15
-12
-8
-5
-1
2
5
9
12
16
20
23
27
30
34
37
41
44
47
50
54
57
60
63
66
68
71
74
76
79
81
83
86
88
90
91
93
95
96
98
99
100
101
102
102
103
104
104
104
104
104
104
104
103
103
102
101
100
99
98
96
95
93
92
90
88
86
84
82
79
77
74
72
69
66
63
60
57
54
51
48
45
41
38
34
31
27
24
20
17
13
10
6
2
0
-4
-8
-11
-15
-18
-22
-25
-29
-32
-35
-39
-42
-45
-48
-51
-54
-57
-60
-63
-65
-68
-70
-72
-75
-77
-79
-81
-83
-84
-86
-87
-89
-90
-91
-92
-93
-93
-94
-94
-95
-95
-95
-95
-95
-94
-94
-93
-93
-92
-91
-90
-88
-87
-86
-84
-82
-81
-79
-77
-74
-72
-70
-67
-65
-62
-59
-57
-54
-51
-48
-45
-41
-38
-35
-32
-28
-25
-21
-18
-14
-11
-7
-4
0
3
6
10
14
17
21
24
28
31
35
38
42
45
48
51
54
58
61
64
66
69
72
74
77
79
82
84
86
88
90
92
93
95
96
98
99
100
101
102
102
103
103
104
104
104
104
103
103
103
102
101
100
99
98
97
96
94
92
91
89
87
85
83
80
78
75
73
70
68
65
62
59
56
53
49
46
43
39
36
33
29
26
22
19
15
11
8
4
0
-2
-6
-9
-13
-16
-20
-24
-27
-30
-34
-37
-40
-44
-47
-50
-53
-56
-59
-61
-64
-67
-69
-71
-74
-76
-78
-80
-82
-84
-85
-87
-88
-90
-91
-92
-93
-93
-94
-95
-95
-95
-95
-95
-95
-95
-95
-94
-94
-93
-92
-91
-90
-88
-87
-86
-84
-82
-80
-78
-76
-74
-72
-69
-67
-64
-62
-59
-56
-53
-50
-47
-44
-41
-37
-34
-31
-27
-24
-20
-17
-13
-10
-6
-3
0
4
7
11
14
18
22
25
29
32
36
39
42
46
49
52
55
58
61
64
67
70
72
75
77
80
82
84
86
88
90
92
93
95
96
98
99
100
101
101
102
103
103
103
103
103
103
103
102
102
101
100
99
98
97
96
94
93
91
89
88
86
83
81
79
76
74
71
69
66
63
60
57
54
51
48
44
41
38
34
31
27
24
20
17
13
9
6
2
-1
-4
-8
-11
-15
-18
-22
-25
-29
-32
-36
-39
-42
-45
-48
-52
-54
-57
-60
-63
-66
-68
-71
-73
-75
-77
-79
-81
-83
-85
-87
-88
-89
-91
-92
-93
-94
-94
-95
-95
-96
-96
-96
-96
-96
-96
-95
-95
-94
-93
-92
-91
-90
-88
-87
-85
-84
-82
-80
-78
-76
-74
-71
-69
-66
-64
-61
-58
-55
-53
-50
-46
-43
-40
-37
-33
-30
-27
-23
-20
-16
-13
-9
-5
-2
1
4
8
12
15
19
22
26
29
33
36
40
43
46
50
53
56
59
62
65
67
70
73
75
78
80
82
84
86
88
90
92
93
95
96
97
99
99
100
101
102
102
102
103
103
103
102
102
102
101
100
99
98
97
96
95
93
92
90
88
86
84
82
80
77
75
72
70
67
64
61
58
55
52
49
46
42
39
36
32
29
25
22
18
15
11
7
4
0
-3
-6
-10
-13
-17
-20
-24
-27
-31
-34
-38
-41
-44
-47
-50
-53
-56
-59
-62
-65
-67
-70
-72
-75
-77
-79
-81
-83
-85
-86
-88
-89
-91
-92
-93
-94
-95
-95
-96
-96
-97
-97
-97
-97
-96
-96
-96
-95
-94
-93
-92
-91
-90
-89
-87
-86
-84
-82
-80
-78
-76
-74
-71
-69
-66
-63
-61
-58
-55
-52
-49
-46
-43
-39
-36
-33
-29
-26
-22
-19
-15
-12
-8
-5
-1
2
5
9
12
16
20
23
27
30
34
37
40
44
47
50
53
56
59
62
65
68
70
73
76
78
80
82
85
87
88
90
92
93
95
96
97
98
99
100
101
101
101
102
102
102
102
101
101
101
100
99
98
97
96
95
93
92
90
88
87
85
83
80
78
76
73
71
68
65
62
59
56
53
50
47
44
40
37
34
30
27
23
20
16
12
9
5
2
-1
-5
-8
-12
-16
-19
-23
-26
-30
-33
-36
-40
-43
-46
-49
-52
-55
-58
-61
-64
-66
-69
-71
-74
-76
-78
-80
-82
-84
-86
-88
-89
-91
-92
-93
-94
-95
-96
-96
-97
-97
-97
-98
-97
-97
-97
-97
-96
-95
-95
-94
-93
-92
-90
-89
-87
-86
-84
-82
-80
-78
-76
-73
-71
-68
-66
-63
-60
-58
-55
-52
-49
-45
-42
-39
-36
-32
-29
-25
-22
-18
-15
-11
-8
-4
0
2
6
9
13
17
20
24
27
31
34
37
41
44
47
50
54
57
60
63
65
68
71
73
76
78
80
82
85
86
88
90
92
93
94
96
97
98
99
99
100
100
101
101
101
101
101
101
100
100
99
98
97
96
95
93
92
90
89
87
85
83
81
79
76
74
71
69
66
63
60
57
54
51
48
45
42
38
35
31
28
24
21
17
14
10
7
3
0
-3
-7
-11
-14
-18
-21
-25
-28
-32
-35
-38
-42
-45
-48
-51
-54
-57
-60
-63
-66
-68
-71
-73
-76
-78
-80
-82
-84
-86
-87
-89
-91
-92
-93
-94
-95
-96
-97
-97
-98
-98
-98
-98
-98
-98
-98
-97
-97
-96
-95
-94
-93
-92
-91
-89
-87
-86
-84
-82
-80
-78
-76
-73
-71
-68
-66
-63
-60
-57
-54
-51
-48
-45
-42
-38
-35
-32
-28
-25
-21
-18
-14
-11
-7
-4
0
3
6
10
14
17
21
24
28
31
35
38
41
45
48
51
54
57
60
63
66
68
71
73
76
78
80
82
84
86
88
90
91
93
94
95
96
97
98
99
99
100
100
100
100
100
100
100
99
98
98
97
96
95
93
92
91
89
87
85
83
81
79
77
75
72
69
67
64
61
58
55
52
49
46
43
39
36
33
29
26
22
19
15
11
8
4
1
-2
-6
-9
-13
-16
-20
-23
-27
-30
-34
-37
-41
-44
-47
-50
-53
-56
-59
-62
-65
-68
-70
-73
-75
-77
-80
-82
-84
-86
-87
-89
-90
-92
-93
-94
-95
-96
-97
-98
-98
-99
-99
-99
-99
-99
-99
-98
-98
-97
-97
-96
-95
-93
-92
-91
-89
-88
-86
-84
-82
-80
-78
-76
-73
-71
-68
-65
-63
-60
-57
-54
-51
-48
-45
-41
-38
-35
-31
-28
-24
-21
-17
-14
-10
-7
-3
0
3
7
10
14
18
21
25
28
32
35
38
42
45
48
51
54
57
60
63
66
68
71
73
76
78
80
82
84
86
88
90
91
92
94
95
96
97
98
98
99
99
99
99
99
99
99
98
98
97
96
96
94
93
92
91
89
87
86
84
82
80
77
75
73
70
68
65
62
59
56
53
50
47
44
41
37
34
30
27
23
20
16
13
9
6
2
-1
-4
-8
-11
-15
-19
-22
-26
-29
-33
-36
-39
-43
-46
-49
-52
-55
-58
-61
-64
-67
-69
-72
-74
-77
-79
-81
-83
-85
-87
-89
-90
-92
-93
-95
-96
-97
-98
-98
-99
-99
-100
-100
-100
-100
-100
-100
-99
-99
-98
-97
-96
-95
-94
-93
-91
-90
-88
-86
-84
-82
-80
-78
-76
-73
-71
-68
-65
-63
-60
-57
-54
-51
-47
-44
-41
-38
-34
-31
-27
-24
-20
-17
-13
-10
-6
-2
0
4
7
11
15
18
22
25
29
32
35
39
42
45
48
52
55
58
60
63
66
69
71
74
76
78
80
82
84
86
88
89
91
92
93
94
95
96
97
97
98
98
98
99
98
98
98
97
97
96
95
94
93
92
91
89
88
86
84
82
80
78
76
73
71
68
66
63
60
57
54
51
48
45
42
38
35
32
28
25
21
18
14
11
7
3
0
-3
-7
-10
-14
-17
-21
-24
-28
-31
-35
-38
-42
-45
-48
-51
-54
-57
-60
-63
-66
-69
-71
-74
-76
-79
-81
-83
-85
-87
-89
-90
-92
-93
-95
-96
-97
-98
-99
-99
-100
-100
-101
-101
-101
-101
-101
-100
-100
-99
-98
-98
-97
-95
-94
-93
-91
-90
-88
-86
-84
-82
-80
-78
-75
-73
-70
-68
-65
-62
-59
-56
-53
-50
-47
-44
-41
-37
-34
-30
-27
-23
-20
-16
-13
-9
-5
-2
1
4
8
12
15
19
22
26
29
33
36
39
43
46
49
52
55
58
61
63
66
69
71
74
76
78
80
82
84
86
88
89
90
92
93
94
95
96
96
97
97
98
98
98
98
97
97
96
96
95
94
93
92
91
89
88
86
84
82
80
78
76
74
72
69
66
64
61
58
55
52
49
46
43
40
36
33
30
26
23
19
16
12
8
5
1
-2
-5
-9
-12
-16
-20
-23
-27
-30
-34
-37
-40
-44
-47
-50
-53
-56
-59
-62
-65
-68
-71
-73
-76
-78
-80
-82
-85
-87
-88
-90
-92
-93
-95
-96
-97
-98
-99
-100
-100
-101
-101
-102
-102
-102
-102
-101
-101
-100
-100
-99
-98
-97
-96
-95
-93
-92
-90
-88
-86
-84
-82
-80
-78
-75
-73
-70
-68
-65
-62
-59
-56
-53
-50
-47
-43
-40
-37
-33
-30
-26
-23
-19
-16
-12
-8
-5
-1
1
5
9
12
16
19
23
26
30
33
36
40
43
46
49
52
55
58
61
64
66
69
71
74
76
78
80
82
84
86
87
89
90
91
93
94
94
95
96
96
97
97
97
97
97
96
96
95
95
94
93
92
91
89
88
86
85
83
81
79
77
75
72
70
67
65
62
59
56
53
50
47
44
41
38
34
31
27
24
20
17
13
10
6
3
0
-4
-7
-11
-15
-18
-22
-25
-29
-32
-36
-39
-42
-46
-49
-52
-55
-58
-61
-64
-67
-70
-72
-75
-77
-80
-82
-84
-86
-88
-90
-92
-93
-95
-96
-97
-98
-99
-100
-101
-101
-102
-102
-102
-102
-102
-102
-102
-101
-101
-100
-99
-98
-97
-96
-95
-93
-92
-90
-88
-86
-84
-82
-80
-78
-75
-73
-70
-67
-64
-62
-59
-56
-52
-49
-46
-43
-39
-36
-33
-29
-26
-22
-19
-15
-11
-8
-4
-1
2
6
9
13
16
20
23
27
30
34
37
40
44
47
50
53
56
59
61
64
67
69
72
74
76
78
80
82
84
86
87
89
90
91
92
93
94
95
95
96
96
96
96
96
96
96
95
94
94
93
92
91
89
88
87
85
83
81
79
77
75
73
71
68
66
63
60
57
54
52
48
45
42
39
36
32
29
25
22
18
15
11
8
4
0
-2
-6
-9
-13
-17
-20
-24
-27
-31
-34
-38
-41
-44
-48
-51
-54
-57
-60
-63
-66
-69
-71
-74
-76
-79
-81
-83
-85
-87
-89
-91
-93
-94
-96
-97
-98
-99
-100
-101
-102
-102
-103
-103
-103
-103
-103
-103
-102
-102
-101
-100
-100
-99
-97
-96
-95
-93
-92
-90
-88
-86
-84
-82
-80
-77
-75
-72
-70
-67
-64
-61
-58
-55
-52
-49
-45
-42
-39
-35
-32
-28
-25
-21
-18
-14
-11
-7
-3
0
3
6
10
14
17
21
24
28
31
34
38
41
44
47
50
53
56
59
62
64
67
70
72
74
76
78
80
82
84
86
87
89
90
91
92
93
94
94
95
95
95
96
96
95
95
95
94
94
93
92
91
90
88
87
85
84
82
80
78
76
74
71
69
67
64
61
59
56
53
50
47
44
40
37
34
30
27
23
20
16
13
9
6
2
-1
-4
-8
-11
-15
-19
-22
-26
-29
-33
-36
-40
-43
-46
-49
-53
-56
-59
